IF (Nuclei_RadialDistribution_MeanFrac_H2B_Smooth_3of4 > 1.1053916179708063, [-0.92159515925107183, -0.99999716856720378, -0.41530154296309807, -0.33441767956278756, -0.32867995535745009], [-0.12587566268021635, -0.01028855804998393, -0.87229811521897271, -0.99154413515205497, -1.0000032355506139])
IF (Nuclei_AreaShape_MaxFeretDiameter > 109.65856099730654, [-0.20898291471112962, -0.23890944055475916, 0.00092095443907200345, -0.94340706873512181, -0.00068634700800229318], [-0.4230608660359953, -1.0, -0.67732998118496701, 0.83785156451352472, -0.95421247881664806])
IF (Nuclei_AreaShape_Eccentricity > 0.87012331272694066, [-0.48634061924218908, -0.99999999999994194, -0.72214420971553395, -0.53782092805172843, 0.86525442016319354], [0.078249207697944842, 0.069176232521369313, 0.18587321239819063, -0.063151425257903931, -0.94260063487282231])
IF (Nuclei_RadialDistribution_MeanFrac_H2B_Smooth_3of4 > 1.0674565095076056, [-0.04284366335869761, -0.93893196508219401, 0.24682333174091312, 0.14345941181939434, 0.073559407704929622], [0.029998524944104168, 0.36211785323449286, -0.77292805943545284, -1.0, -1.0])
IF (Nuclei_Granularity_6_H2B_Smooth > 9.9858571668136396, [-0.68566010923099796, -0.49533024154848271, -0.2963111968435212, 0.31491150850596955, 0.30266264141715116], [0.17276931628177294, -0.063927928035902665, 0.14747508117433961, -0.64212852107101648, -0.75784403676922452])
IF (Nuclei_AreaShape_MajorAxisLength > 120.01819852219396, [-0.087798565265602355, 0.055834934922921228, -0.044967910309423813, -0.76257954717469489, 0.32664734547715735], [0.21028650310481209, -1.0, 0.077162720743350496, 0.41055138633902044, -0.88367907260906831])
IF (Nuclei_Intensity_MADIntensity_H2B_Smooth > 0.0039391275495290756, [-0.34420148616369173, 0.42846257975730973, 0.061718593226737117, -0.068045205305430997, -0.0041164226281626996], [0.74565173566690657, -0.75810035274603482, -0.37359381456398144, 0.04908691945195711, -0.72562689382469214])
IF (Nuclei_Granularity_2_H2B_Smooth > 2.3494091678198794, [-0.53023085566039796, 0.31287989683861023, 0.1838217582625396, 0.19489917778393201, -0.45899860880011606], [0.52503555482139541, -0.76044217673087022, -0.17135252187840702, -0.19138589806885753, 0.2071227164990008])
IF (Nuclei_AreaShape_FormFactor > 0.59154303772919115, [0.20931228676790131, 0.084009502874219294, -0.74445403702210911, 0.46313337482575478, -1.0000000000000213], [-0.38814659388981704, -0.47914790412627578, 0.35621714917944697, -0.28852872651280903, 0.16673972294211681])
IF (Nuclei_AreaShape_Eccentricity > 0.85985679054279562, [0.36499067477284142, -0.99999999999981026, -0.43353269934058364, -0.029072664861739227, 0.46767361844429817], [-0.090186534752206921, 0.01333162968638991, 0.1314017794831574, 0.023454313874262406, -1.0])
IF (Nuclei_Granularity_5_H2B_Smooth > 6.8415525393134295, [-0.60800433441472357, 0.28817910535451025, -0.29261687129457714, 0.31723118579010379, 0.182316430343022], [0.19666986230494549, -0.10193941925991616, 0.2648710248321221, -0.53206250303264835, -0.66147850332250135])
IF (Nuclei_AreaShape_MaxFeretDiameter > 95.754895436212564, [-0.00019692828240501132, 0.012919927178213542, 0.1151295955506563, -0.42075895983048323, 0.18058476426850734], [-0.17840022575091483, -1.0, -0.58614417046235279, 0.6122593223134033, -1.0])
IF (Nuclei_AreaShape_Solidity > 0.8627059410883674, [0.074752406542239219, 0.053337679460443897, -0.39119117856690977, 0.092657007038518147, 0.090680131893978499], [-0.97732897235288785, -1.0, 0.58339656574887278, -0.13223883220700905, -0.27912087564737598])
IF (Nuclei_Granularity_10_H2B_Smooth > 6.8903955871906373, [0.12757382678883, -0.3488861236584378, 0.69401411746834452, -0.99999999999999711, -0.83454116762238062], [-0.057995890167645149, 0.04144864846510795, -0.28820062162462562, 0.14373953253889957, 0.1309851086687448])
IF (Nuclei_RadialDistribution_ZernikeMagnitude_H2B_Smooth_8_6 > 0.00054584308699185161, [-0.42156116659577403, 0.24653048433397609, 0.21197918962259621, -0.38944421546977759, 0.32430803779386924], [0.16376102853776536, -0.094592072455202306, -0.1369851145492004, 0.36594413950536447, -0.5389730245969433])
IF (Nuclei_RadialDistribution_FracAtD_H2B_Smooth_4of4 > 0.44907736999999998, [-0.14602640911456696, 0.17955828831654574, 0.18123985530908782, -0.48251647249328811, 0.10698950586951649], [0.17162392827559833, -0.33044226326598947, -0.4845423933927846, 0.39203039224726405, -0.43962509883880629])
IF (Nuclei_AreaShape_MinFeretDiameter > 81.124796907402654, [-0.09790302811540319, 0.021266562820620807, 0.2071130600975484, 0.2347161647170837, -0.99999999999998845], [0.21694123657604139, -1.0, -0.25077829424025572, -0.13843790874849943, 0.26397655146435645])
IF (Nuclei_Granularity_4_H2B_Smooth > 8.5487985038798922, [-0.99999999999997546, 0.37215288390220591, -0.073340694147770044, 0.68393045259035967, -0.33186783380923979], [0.065090934887460886, -0.030908023515571516, 0.01585222522546214, -0.42072564873626739, 0.020316337695524309])
IF (Nuclei_Granularity_8_H2B_Smooth > 4.0452512835046655, [-0.31250339537137051, 0.058183019753666854, 0.048333140125568302, 0.22010000260877474, 0.23174391515463008], [0.26236898599994035, -0.048319131901217983, -0.096403411286112226, -0.37478744441194073, -0.71216080331152609])
IF (Nuclei_RadialDistribution_RadialCV_H2B_Smooth_4of4 > 0.14324119374076194, [0.035705189553082689, -1.0000000000000493, 0.19093695887078441, -0.29683754050376787, 0.29062834914780344], [-0.012266880289899857, 0.031050168154259625, -0.15311195069114428, 0.34073584956496888, -0.47182077764309666])
IF (Nuclei_Granularity_6_H2B_Smooth > 5.3666543603130474, [-0.26641276994969076, 0.23186906800810306, -0.038244779347164852, 0.26057227478631145, 0.062801519130896447], [0.16563191351008674, -0.13613062051190616, 0.054789409667346065, -0.78765626741459316, -0.87813263999206881])
IF (Nuclei_AreaShape_MajorAxisLength > 120.65830545040936, [-0.097490806650449471, 0.011910017173937215, -0.16808692685945362, -0.57121051127483979, 0.24909073836233089], [0.27265184772734191, -1.0, 0.37114807548756595, 0.1331628882346983, -0.68209508689564868])
IF (Nuclei_AreaShape_Eccentricity > 0.85985679054279562, [0.49658911357571661, -1.0000000000001241, -0.21885694735962893, -0.11135718293662518, 0.23340101443576119], [-0.079874135225851989, -0.00033016044689030305, 0.094157213673597848, 0.02229169383366136, -1.0])
IF (Nuclei_Location_CenterMassIntensity_Y_H2B_Smooth > 677.82468279622071, [0.033523787591970229, 0.1399573116941753, 0.29797082372998157, -0.62428372779947194, -0.66787299320438254], [-0.0016349953857114094, -0.034426392624453017, -0.083543208824537279, 0.17300248636009918, 0.26046800645592927])
IF (Nuclei_Intensity_IntegratedIntensityEdge_H2B_Smooth > 2.8219143087044358, [0.055034400320136526, 0.00047811588768940341, 0.0018889113967172336, -0.25484485362070741, 0.037121294745969952], [-0.71171539149860796, -1.0, 0.00084344334399016235, 0.81643685541743183, -0.89204262534390888])
IF (Nuclei_Granularity_12_H2B_Smooth > 1.1160803091876232, [-0.0066639359412244839, 0.098005715657858219, 0.077985745387176619, -0.097673971495401871, -0.76703680541938712], [-0.012902330749189778, -0.13347289285219471, -0.076764877688960939, 0.12069898870322127, 0.36546396840068979])
IF (Nuclei_Granularity_11_H2B_Smooth > 0.1910590676037168, [-0.12260977567680144, 0.16152766382276268, 0.030808768357370061, -0.25960432542646261, 0.078908300236006881], [0.37838522747113373, -0.33218127924195018, -0.08070098195500644, 0.58095220305079454, -0.65385470002814217])
IF (Nuclei_RadialDistribution_ZernikeMagnitude_H2B_Smooth_9_9 > 0.00013447923930537574, [-0.12014937750017299, 0.070482714968244792, 0.34749346606859149, -0.040567878492638883, -0.24576775472861992], [0.075648070165904593, -0.039660668433505429, -0.57790255783003797, 0.10547300377488111, 0.35065682482503086])
IF (Nuclei_Granularity_1_H2B_Smooth > 4.1847473773693977, [-0.12113668903190361, 0.08221732045085027, 0.17454429884673744, -0.16222176390570442, -0.21923553246606656], [0.31348490614506713, -1.0, -0.3622858643780576, 0.13892905793497995, 0.32958508831875044])
IF (Nuclei_AreaShape_Eccentricity > 0.9146615359193182, [0.16544149765971844, -1.0000000000023443, -1.0000000000000011, -0.62085955423757977, 0.92106782109765806], [-0.0028347920595991937, -0.029124222063232522, 0.032034841010416273, 0.04089795288307025, -0.23145291015575908])
IF (Nuclei_AreaShape_Solidity > 0.90301134141572159, [0.075263407064329171, 0.084125197445471242, -0.34536321031587447, -0.02626865508502713, -0.65630746281793573], [-0.33950764946543632, -0.87720464937532261, 0.24231432528639235, 0.0093917043642448884, 0.21522714423496292])
IF (Nuclei_RadialDistribution_ZernikePhase_H2B_Smooth_8_2 > 0.79140323763739828, [-0.10843582788181112, 0.28238868303458786, -0.34545198242010461, 0.40676172583303216, -0.17694264520921241], [0.044084325644680462, -0.16887505659147675, 0.19131283292317661, -0.35189273300191937, 0.11879431966191309])
IF (Nuclei_AreaShape_Eccentricity > 0.85985679054279562, [0.22979996642976372, -0.99999999999998368, -0.25909754522536788, -0.14274544688065161, 0.23150428289737254], [-0.036445787781419998, 0.0024572256106922337, 0.080295856811131883, 0.063608496154160338, -1.0])
IF (Nuclei_AreaShape_MaxFeretDiameter > 100.17983829094555, [0.0027610734484510807, -0.00020436349693192163, 0.084293973476019884, -0.31907988041212804, 0.077209018785974096], [-0.014365231625258826, -1.0, -0.42006425235207362, 0.34730415180714702, -1.0])
IF (Nuclei_RadialDistribution_ZernikePhase_H2B_Smooth_9_9 > 2.0881570352137837, [0.43248513125121368, -0.38783596853072044, 0.26000762250355774, -0.81941863478128107, -0.36953013451652456], [-0.11395988391407301, 0.077276805714184035, -0.086575130716505092, 0.19804077370782783, 0.13651651052851063])
IF (Nuclei_RadialDistribution_ZernikeMagnitude_H2B_Smooth_8_0 > 0.0002194170489266031, [-0.24259589435628501, 0.25087349718004515, 0.043841782307646897, 0.15546755110356134, 0.035596988028704542], [0.38302046875034962, -0.3383738817192144, -0.12853450843213424, -0.7081911865079914, -0.21107155259899832])
IF (Nuclei_Intensity_StdIntensityEdge_H2B_Smooth > 0.0014788418243817259, [-0.061895958912278372, 0.11417651458668969, 0.077060020742064639, -0.12605911295357652, -0.13914597591881753], [0.23634037348094605, -0.61533465831703671, -0.39226037692547611, 0.24157581929314315, 0.49198750393952356])
IF (Nuclei_Granularity_7_H2B_Smooth > 14.070768343590482, [-0.059950606708522799, -0.99999999999997369, 0.030502838545796856, 0.21271897354640917, 0.30063974830472651], [0.014779369415708347, 0.00270692355439686, -0.019408928622756182, -0.28302026317536838, -0.52794645908152138])
IF (Nuclei_Granularity_4_H2B_Smooth > 4.4331330112950438, [-0.36000571905776396, 0.25169814280440955, -0.08202020873446747, 0.077159479478166593, 0.019186278014596127], [0.36297990296271498, -0.27674180178456376, 0.11572958418258188, -0.18346252513450304, -0.10917844510949175])
IF (Nuclei_RadialDistribution_RadialCV_H2B_Smooth_2of4 > 0.14436484328823876, [-0.13839737844188932, -0.43526116559106115, 0.41243871652956321, 0.55515042212784027, -0.47824249023135218], [0.0084087480328784853, 0.05582623638340857, -0.13857042657939228, -0.22191738868293681, 0.022611053573414936])
IF (Nuclei_RadialDistribution_ZernikePhase_H2B_Smooth_4_2 > 2.113268797522978, [-0.20927130656053455, 0.46699110190415083, -0.56318731255638699, 0.50010636753454196, 0.63967851547535226], [0.033629292040575499, -0.15105809654047336, 0.12951006899473627, -0.046427229024923126, -0.069078105921528174])
IF (Nuclei_RadialDistribution_ZernikeMagnitude_H2B_Smooth_2_2 > 0.0090791430639935305, [-0.033942108832140314, 0.56334255758683383, -0.63709129906798068, 0.19584307288286748, 0.45731074114356851], [0.0079448138580926475, -0.076624543127326153, 0.14167973529858446, -0.072029391501164108, -0.11928002549365964])
IF (Nuclei_RadialDistribution_MeanFrac_H2B_Smooth_3of4 > 1.0187224535431174, [0.085715322202504066, -0.21211511180358428, 0.069774582516652112, 0.020014313211391611, 0.0080296383456518981], [-0.31205964613749909, 0.38988206195165986, -0.93399631999314392, -1.0, -1.0])
IF (Nuclei_AreaShape_MinorAxisLength > 67.526510498858556, [0.04916100581030336, 0.0059339644673272254, 0.076029279373089648, -0.44563636224690106, -0.90337733473117887], [-0.14408249662822761, -1.0, -0.19703918181882416, 0.13598548401994939, 0.14643458616612642])
IF (Nuclei_RadialDistribution_ZernikeMagnitude_H2B_Smooth_5_3 > 0.00064484042719035637, [-0.083909070027868599, 0.34586023710212532, -0.05916413172164034, -0.13134435865625371, 0.16768277345021451], [0.094665299363722102, -0.34654593222215913, 0.1069935203830495, 0.3245463572150023, -0.2559734235464291])
IF (Nuclei_AreaShape_Orientation > 57.683620343903421, [0.21393873287178949, 0.4525775261381727, -0.27044715647863438, 0.55598410624697403, -0.77179229792693405], [-0.04817249908477745, -0.059419908817242892, 0.037544357222345809, -0.136585719477196, 0.10189427077092932])
IF (Nuclei_Granularity_2_H2B_Smooth > 3.6131778207711935, [-0.71834201423116661, 0.34022479462676114, 0.29569288674615518, -0.62736191120419615, -0.98820922373849074], [0.073672249226755748, -0.11453885331779597, -0.077431235933206957, 0.074465531731404092, 0.029682025725360134])
IF (Nuclei_RadialDistribution_FracAtD_H2B_Smooth_1of4 > 0.051145863, [-0.14829721085664535, 0.47375317070526679, -0.64407944985441723, -0.16379376246620125, -0.999999999999994], [0.055773291910800236, -0.21208707430266638, 0.07123522819885332, 0.038287365311107963, 0.016030370711939211])
IF (Nuclei_Granularity_3_H2B_Smooth > 3.6178799669247943, [-0.57616316804646184, 0.3088807481518801, -0.079104398299934875, 0.21921670942035032, 0.052958339087628183], [0.19819316175820634, -0.17191200507866172, 0.029830936831160979, -0.16518884634092421, -0.031102271441054527])
IF (Nuclei_AreaShape_Perimeter > 347.99199999999905, [-0.087901187903878408, 0.0036032507914869412, 0.020040379648771794, -0.53834647286566306, 0.12188923061617778], [0.26125347296280055, -1.0, -0.10617923522397649, 0.24231628680560352, -0.42056556914149995])